
16.747;23.944;
15.029;25.722;45.01;54.598;
18.693;20.05;38.088;46.095;81.643



23.408;17.956;52.217;70.368;76.38

34.906;
15.282;18.907;
14.51;17.559;
11.395;
13.024;19.913;86.797;88.561;122.083

16.394;
18.561;18.957;50.372;50.554;51.142

14.14;18.955;
15.392;
14.304;
32.883;95.071;
17.444;20.804;39.128;58.39;53.765

21.986;23.854;37.578;45.653;41.729

14.431;
14.176;16.558;41.17;50.134;
14.736;
15.275;
22.793;17.966;119.791;56.226;64.323

13.884;20.191;54.391;
20.941;17.39;36.739;99.083;91.27

21.127;21.247;48.0;69.625;